16
-1 -1 -1 -1 -1 -1 -1 -1 64 -1 -1 2 -1 -1 -1 -1 
-1 -1 -1 -1 21 -1 -1 -1 -1 -1 -1 -1 -1 -1 -1 -1 
-1 -1 -1 -1 -1 -1 -1 -1 -1 -1 5 -1 -1 -1 -1 136 
-1 -1 -1 -1 -1 -1 -1 -1 -1 8 -1 -1 -1 -1 4 -1 
212 21 -1 -1 -1 -1 -1 -1 -1 -1 -1 -1 14 -1 -1 86 
-1 -1 -1 -1 -1 -1 -1 8 -1 -1 -1 -1 -1 -1 11 -1 
-1 -1 -1 -1 -1 -1 -1 -1 -1 112 24 -1 -1 -1 -1 -1 
-1 -1 -1 5 -1 -1 -1 -1 -1 -1 -1 -1 -1 8 -1 -1 
64 -1 -1 -1 -1 -1 -1 -1 -1 -1 1 -1 -1 -1 -1 5 
-1 -1 -1 8 -1 -1 112 -1 -1 -1 -1 -1 -1 -1 -1 -1 
-1 -1 5 -1 -1 -1 24 -1 1 -1 -1 -1 -1 -1 -1 -1 
2 -1 -1 -1 -1 -1 -1 -1 -1 -1 -1 -1 -1 -1 13 -1 
-1 -1 14 -1 14 -1 5 -1 -1 12 -1 -1 -1 3 -1 -1 
-1 -1 -1 -1 -1 -1 -1 -1 -1 -1 -1 -1 3 -1 -1 -1 
-1 -1 -1 -1 -1 -1 -1 -1 -1 -1 -1 13 -1 -1 -1 -1 
-1 -1 -1 -1 86 -1 -1 -1 -1 -1 -1 -1 -1 -1 -1 -1